8 9
1 5 3
2 3 2
5 3 1
5 6 1
5 2 1
6 2 1
1 2 3
6 7 1
7 8 1

6 6
1 2 1
2 3 1
3 6 1
1 4 100
4 5 100
5 6 100

1
7
22
4
S
4
5 2
abcdz
bcdzz
4 2
bcdz
czzz
4 2
bccdz
czzzz
6 3
aabbdz
aczzzz
4
3 2
abc
bcd
4 2
abba
azza
2 1
zz
aa
6 2
aaabba
ddddcc

4
3 3
bcc
bcd
4 2
abba
azza
2 1
zz
aa
6 2
aaabba
ddddcc

No
Yes
No
Yes

4
5 2
aaaab
bbccc
4 2
abba
azza
2 1
zz
aa
6 2
aabbcc
bbdekk
2
6 3
001000
2 4
1 3
3 5
4 2
1011
1 4
2 3

6
1
2
3
4
6
1000000001

4 4
@..#
....
....
#..@
4 4
...#
..#.
.#..
#..@
0 0

1 1
@
4 4
#..#
....
....
#..@
4 4
@@@@
..#@
...@
#..@
0 0

6 4
1 2 3 2 3 1
2 1 6 61
2 1 3 2
1 1 3
2 1 3 2

5
2 2
10
11
3 3
011
101
110
4 4
1111
0110
0110
1111
5 5
01011
11001
00010
11011
10000
2 3
011
101

5
()
[]()
([)]
)]([
)[(]


3
3
3 2 2
4
2 2 3 2
3
0 3 0


2
1 2
5
2 2 1 22 14




5
2 2
10
11
3 3
011
101
110
4 4
1111
0110
0110
1111
5 5
01011
11001
00010
11011
10000
2 3
011
101

6

2 4
0 24 34 58 62 64 69 78
2 2
27 61 81 91
4 3
2 4 16 18 21 27 36 53 82 91 92 95
3 4
3 11 12 22 33 35 38 67 69 71 94 99
2 1
11 41
3 3
1 1 1 1 1 1 1 1 1


6
3 1 1 1
100
5 10 100 1
01010
5 10 1 1
11111
5 1 10 1
11111
12 2 1 10
101110110101
2 100 1 10
00

8 10
bbbbabab
bbbabaaaaa
4 5
abba
babab


3
1 3
3
6 2
19 8 19 69 9 4
3 16
1 6 11
1 2 1 17 1 1 1